4640.052709677797
4640.052709677797
4607.599669972879
4603.12415287241
4603.12415287241
4591.656383435612
4591.656383435612
4516.833171070587
4495.2669951831895
4494.832473540232
4494.832473540232
4494.832473540232
4494.832473540232
4478.011836232797
4478.011836232797
4393.8721511279655
4393.8721511279655
4370.980934529543
4283.262639790019
4261.794268124311
4261.794268124311
4261.794268124311
4259.83402018882
4259.83402018882
4259.83402018882
4259.83402018882
4249.687116266067
4249.687116266067
4249.687116266067
4249.687116266067
4249.687116266067
4239.215775724931
4239.215775724931
4239.215775724931
4235.067503164967
4235.067503164967
4215.476042367067
4215.476042367067
4215.476042367067
4190.299605916659
4172.882882025093
4172.882882025093
4172.882882025093
4172.882882025093
4172.359201890764
4172.359201890764
4172.359201890764
4079.178567063305
4052.133356091989
4040.270208246643
4040.270208246643
4040.270208246643
4031.8159732204153
4031.8159732204153
4031.8159732204153
4031.8159732204153
4009.5445346060505
4009.5445346060505
4009.5445346060505
4009.5445346060505
3949.451217851703
3922.3775351596364
3922.3775351596364
3907.2312802030306
3907.2312802030306
3907.2312802030306
3907.2312802030306
3907.2312802030306
3907.2312802030306
3907.2312802030306
3907.2312802030306
3864.8981970854215
3864.8981970854215
3864.8981970854215
3864.8981970854215
3864.8981970854215
3864.8981970854215
3851.3422291599113
3851.3422291599113
3851.3422291599113
3851.3422291599113
3851.3422291599113
3851.3422291599113
3851.3422291599113
3851.3422291599113
3851.3422291599113
3851.3422291599113
3851.3422291599113
3850.439020976041
3836.4899506027373
3832.4983064059293
3832.4983064059293
3832.4983064059293
3832.4983064059293
3832.4983064059293
3832.4983064059293
3832.4983064059293
3832.4983064059293
3832.4983064059293
3832.4983064059293
3832.4983064059293
3832.4983064059293
3832.4983064059293
3832.4983064059293
3832.4983064059293
3832.4983064059293
3832.4983064059293
3832.4983064059293
3797.8328517842783
3797.8328517842783
3776.6476100369764
3776.6476100369764
3774.5181742435725
3774.5181742435725
3654.782643555901
3620.5401178741513
3616.1028337698463
3616.1028337698463
3605.670375989393
3605.670375989393
3605.670375989393
3605.670375989393
3605.670375989393
3605.670375989393
3605.670375989393
3605.670375989393
3605.670375989393
3605.670375989393
3598.1181420944004
3597.168308200681
3597.168308200681
3568.7053446731743
3568.7053446731743
3568.7053446731743
3568.7053446731743
3568.7053446731743
3568.7053446731743
3568.7053446731743
3568.651796043114
3568.651796043114
3568.651796043114
3568.651796043114
3567.3552435541287
3567.3552435541287
3511.3013634477184
3511.3013634477184
3511.3013634477184
3511.3013634477184
3507.5041001222176
3507.5041001222176
3507.5041001222176
3493.662132046559
3493.662132046559
3493.662132046559
3493.662132046559
3493.662132046559
3493.662132046559
3493.662132046559
3481.3886217552367
3481.3886217552367
3481.3886217552367
3481.3886217552367
3481.3886217552367
3481.3886217552367
3481.3886217552367
3481.3886217552367
3481.3886217552367
3481.3886217552367
3481.3886217552367
3481.3886217552367
3481.3886217552367
3481.3886217552367
3481.3886217552367
3481.3886217552367
3467.8495698817164
3416.127574362585
3416.127574362585
3416.127574362585
3416.127574362585
3416.127574362585
3416.127574362585
3416.127574362585
3416.127574362585
3416.127574362585
3416.127574362585
3416.127574362585
3416.127574362585
3416.127574362585
3416.127574362585
3404.2740635345654
3404.2740635345654
3404.2740635345654
3364.376241787312
3364.376241787312
3364.376241787312
3316.4008488467675
3316.4008488467675
3316.4008488467675
3316.4008488467675
3316.4008488467675
3316.4008488467675
3316.4008488467675
3316.4008488467675
3313.5105705718565
3313.5105705718565
3313.5105705718565
3313.5105705718565
3313.5105705718565
3270.87958210954
3270.87958210954
3270.87958210954
3270.87958210954
3249.8801664540256
3243.6849735364185
3243.6849735364185
3243.6849735364185
3243.6849735364185
3243.6849735364185
3243.6849735364185
3237.399089369035
3237.399089369035
3237.399089369035
3207.3587636037782
3207.3587636037782
3207.3587636037782
3207.3587636037782
3207.3587636037782
3207.3587636037782
3207.3587636037782
3207.3587636037782
3207.3587636037782
3207.3587636037782
3207.3587636037782
3207.3587636037782
3207.3587636037782
3207.3587636037782
3207.3587636037782
3207.3587636037782
3207.3587636037782
3207.3587636037782
3197.7982566275546
3197.7982566275546
3197.7982566275546
3197.7982566275546
3197.7982566275546
3197.7982566275546
3185.615046703669
3185.615046703669
3185.615046703669
3165.131308624933
3165.131308624933
3165.131308624933
3165.131308624933
3165.131308624933
3165.131308624933
3165.131308624933
3165.131308624933
3165.131308624933
3165.131308624933
3161.183675719654
3161.183675719654
3161.183675719654
3161.183675719654
3161.183675719654
3161.183675719654
3161.183675719654
3161.183675719654
3161.183675719654
3134.9541051679876
3134.9541051679876
3134.9541051679876
3134.9541051679876
3134.9541051679876
3121.545528764566
3121.545528764566
3121.545528764566
3121.545528764566
3121.545528764566
3121.545528764566
3085.0593580442583
3078.246880548251
3078.246880548251
3078.246880548251
3078.246880548251
3043.552165436822
3043.552165436822
3043.552165436822
3043.552165436822
3043.552165436822
3043.552165436822
3043.552165436822
3043.552165436822
3043.552165436822
3043.552165436822
3028.4885420039263
3028.4885420039263
3028.4885420039263
3028.4885420039263
3028.4885420039263
3028.4885420039263
3028.4885420039263
3028.4885420039263
3028.4885420039263
3028.4885420039263
3028.4885420039263
3028.4885420039263
3028.4885420039263
3027.3598317476713
3027.3598317476713
3027.3598317476713
3027.3598317476713
3027.3598317476713
3027.3598317476713
3027.3598317476713
3027.3598317476713
3027.3598317476713
3027.3598317476713
3027.3598317476713
3027.3598317476713
3027.3598317476713
3027.3598317476713
3027.3598317476713
3027.3598317476713
3027.3598317476713
3027.3598317476713
3025.5097833419522
3025.5097833419522
3025.5097833419522
3025.5097833419522
3025.5097833419522
3025.5097833419522
3025.5097833419522
3021.6557406984325
3021.6557406984325
3021.6557406984325
3021.6557406984325
3021.6557406984325
3021.6557406984325
3021.6557406984325
3021.6557406984325
3021.6557406984325
3021.6557406984325
3018.513656213653
3009.161976111141
3009.161976111141
3009.161976111141
3009.161976111141
3009.161976111141
3001.702220617161
3001.702220617161
3001.702220617161
3001.702220617161
3001.702220617161
3001.702220617161
3001.702220617161
3001.702220617161
3001.702220617161
3001.702220617161
3000.043764236418
2960.531503516412
2960.531503516412
2960.531503516412
2960.531503516412
2960.531503516412
2960.531503516412
2960.531503516412
2960.531503516412
2960.531503516412
2947.057955454109
2934.254033684079
2934.254033684079
2934.254033684079
2933.251580873099
2933.251580873099
2933.251580873099
2933.251580873099
2933.251580873099
2933.251580873099
2933.251580873099
2933.251580873099
2933.251580873099
2933.251580873099
2933.251580873099
2933.251580873099
2933.251580873099
2933.251580873099
2933.251580873099
2933.251580873099
2933.251580873099
2933.251580873099
2930.9851677688257
2930.9851677688257
2930.9851677688257
2930.9851677688257
2930.9851677688257
2930.9851677688257
2930.9851677688257
2926.086910696784
2924.980461533227
2924.980461533227
2924.980461533227
2924.980461533227
2924.980461533227
2924.980461533227
2924.980461533227
2924.980461533227
2901.5842459021897
2901.5842459021897
2901.5842459021897
2901.5842459021897
2901.5842459021897
2901.5842459021897
2901.5842459021897
2845.088462917888
2806.3893294888867
2806.3893294888867
2806.3893294888867
2806.3893294888867
2806.3893294888867
2806.3893294888867
2806.3893294888867
2806.3893294888867
2782.160489257948
2782.160489257948
2782.160489257948
2782.160489257948
2782.160489257948
2782.160489257948
2782.160489257948
2782.160489257948
2782.160489257948
2776.6980948656683
2776.6980948656683
2776.6980948656683
2776.6980948656683
2776.6980948656683
2776.6980948656683
2776.6980948656683
2776.6980948656683
2776.6980948656683
2776.6980948656683
2776.6980948656683
2776.6980948656683
2776.6980948656683
2776.6980948656683
2770.557843301972
2770.557843301972
2770.557843301972
2715.4506960378612
2715.4506960378612
2715.4506960378612
2706.9593127648786
2705.447263461473
2705.447263461473
2705.447263461473
2705.447263461473
2705.447263461473
2695.552340001652
2664.1770625220042
2664.1770625220042
2664.1770625220042
2664.1770625220042
2664.1770625220042
2664.1770625220042
2648.2715869431177
2648.2715869431177
2648.2715869431177
2648.2715869431177
2648.2715869431177
2648.2715869431177
2648.2715869431177
2648.2715869431177
2644.572188772031
2644.572188772031
2644.572188772031
2644.572188772031
2644.572188772031
2644.572188772031
2644.572188772031
2644.572188772031
2644.572188772031
2644.572188772031
2644.572188772031
2644.572188772031
2644.572188772031
2644.572188772031
2644.572188772031
2644.572188772031
2644.572188772031
2644.572188772031
2636.6330184638136
2627.7238858125784
2627.7238858125784
2619.566834192682
2619.566834192682
2613.8881979955813
2613.8881979955813
2613.8881979955813
2559.732003248696
2559.732003248696
2559.732003248696
2559.732003248696
2559.732003248696
2559.732003248696
2559.732003248696
2559.732003248696
2559.732003248696
2559.732003248696
2554.5256203793706
2554.5256203793706
2554.5256203793706
2554.5256203793706
2554.5256203793706
2554.5256203793706
2554.5256203793706
2554.5256203793706
2554.5256203793706
2550.242457531262
2550.242457531262
2550.242457531262
2550.242457531262
2550.242457531262
2550.242457531262
2550.242457531262
2550.242457531262
2550.242457531262
2550.242457531262
2532.0508090298895
2532.0508090298895
2532.0508090298895
2527.0241761586713
2527.0241761586713
2527.0241761586713
2527.0241761586713
2527.0241761586713
2527.0241761586713
2527.0241761586713
2527.0241761586713
2527.0241761586713
2527.0241761586713
2527.0241761586713
2527.0241761586713
2527.0241761586713
2527.0241761586713
2527.0241761586713
2527.0241761586713
2527.0241761586713
2527.0241761586713
2527.0241761586713
2527.0241761586713
2527.0241761586713
2527.0241761586713
2527.0241761586713
2527.0241761586713
2527.0241761586713
2527.0241761586713
2527.0241761586713
2527.0241761586713
2527.0241761586713
2527.0241761586713
2487.087333744167
2487.087333744167
2464.0558361478875
2464.0558361478875
2464.0558361478875
2464.0558361478875
2464.0558361478875
2464.0558361478875
2464.0558361478875
2464.0558361478875
2464.0558361478875
2464.0558361478875
2464.0558361478875
2464.0558361478875
2464.0558361478875
2464.0558361478875
2464.0558361478875
2464.0558361478875
2464.0558361478875
2464.0558361478875
2464.0558361478875
2464.0558361478875
2464.0558361478875
2464.0558361478875
2464.0558361478875
2464.0558361478875
2445.865791330843
2445.865791330843
2445.865791330843
2445.865791330843
2445.865791330843
2445.865791330843
2445.865791330843
2445.865791330843
2445.865791330843
2445.865791330843
2427.0364570557817
2427.0364570557817
2424.832466602692
2424.832466602692
2424.832466602692
2415.9662608271274
2415.9662608271274
2415.9662608271274
2415.9662608271274
2415.9662608271274
2415.9662608271274
2415.9662608271274
2415.9662608271274
2415.9662608271274
2415.9662608271274
2415.9662608271274
2415.9662608271274
2415.9662608271274
2415.9662608271274
2415.9662608271274
2403.5684299553604
2403.5684299553604
2403.5684299553604
2389.1054270798804
2389.1054270798804
2389.1054270798804
2389.1054270798804
2389.1054270798804
2389.1054270798804
2389.1054270798804
2389.1054270798804
2389.1054270798804
2356.0955309033698
2356.0955309033698
2356.0955309033698
2356.0955309033698
2356.0955309033698
2356.0955309033698
2356.0955309033698
2356.0955309033698
2356.0955309033698
2356.0955309033698
2356.0955309033698
2356.0955309033698
2356.0955309033698
2356.0955309033698
2356.0955309033698
2356.0955309033698
2356.0955309033698
2356.0955309033698
2356.0955309033698
2356.0955309033698
2356.0955309033698
2356.0955309033698
2356.0955309033698
2341.5365357035316
2305.269792794
2305.269792794
2305.269792794
2305.269792794
2305.269792794
2305.269792794
2305.269792794
2305.269792794
2305.269792794
2305.269792794
2305.269792794
2305.269792794
2305.269792794
2305.269792794
2305.269792794
2305.269792794
2305.269792794
2305.269792794
2305.269792794
2305.269792794
2305.269792794
2305.269792794
2305.269792794
2305.269792794
2305.269792794
2305.269792794
2305.269792794
2305.269792794
2305.269792794
2305.269792794
2305.269792794
2305.269792794
2305.269792794
2305.269792794
2305.269792794
2305.269792794
2305.269792794
2305.269792794
2302.0319701614812
2287.657936737327
2287.657936737327
2287.657936737327
2287.657936737327
2287.657936737327
2287.657936737327
2287.657936737327
2287.657936737327
2276.9577173825905
2276.9577173825905
2274.9006232913252
2274.9006232913252
2274.9006232913252
2274.9006232913252
2274.9006232913252
2274.9006232913252
2274.9006232913252
2274.9006232913252
2270.566873591479
2263.4731170308573
2257.58538481501
2257.58538481501
2257.58538481501
2257.58538481501
2257.58538481501
2257.58538481501
2257.58538481501
2257.58538481501
2257.58538481501
2257.58538481501
2257.58538481501
2257.58538481501
2257.58538481501
2257.58538481501
2257.58538481501
2257.58538481501
2257.58538481501
2257.58538481501
2257.58538481501
2257.58538481501
2257.58538481501
2257.58538481501
2257.58538481501
2257.58538481501
2257.58538481501
2257.58538481501
2257.58538481501
2257.58538481501
2257.58538481501
2257.58538481501
2257.58538481501
2257.58538481501
2257.58538481501
2257.58538481501
2257.58538481501
2257.58538481501
2257.58538481501
2257.58538481501
2257.58538481501
2257.58538481501
2257.58538481501
2257.58538481501
2257.58538481501
2257.58538481501
2257.58538481501
2257.58538481501
2257.58538481501
2257.58538481501
2257.58538481501
2257.58538481501
2257.58538481501
2257.58538481501
2257.58538481501
2257.58538481501
2257.58538481501
2257.58538481501
2257.58538481501
2257.58538481501
2257.58538481501
2257.58538481501
2257.58538481501
2257.58538481501
2257.58538481501
2257.58538481501
2257.58538481501
2257.58538481501
2257.58538481501
2257.58538481501
2257.58538481501
2257.58538481501
2257.58538481501
2257.58538481501
2257.58538481501
2257.58538481501
2257.58538481501
2257.58538481501
2257.58538481501
2257.58538481501
2257.58538481501
2257.58538481501
2257.58538481501
2257.58538481501
2257.58538481501
2257.58538481501
2257.58538481501
2257.58538481501
2257.58538481501
2226.988342468461
2226.988342468461
2226.988342468461
2226.988342468461
2226.988342468461
2226.988342468461
2220.124758601065
2218.293791929178
2218.293791929178
2218.293791929178
2218.293791929178
2218.293791929178
2218.293791929178
2218.293791929178
2218.293791929178
2218.293791929178
2218.293791929178
2204.2420421580355
2204.2420421580355
2204.2420421580355
2204.2420421580355
2204.2420421580355
2196.903871901211
2196.903871901211
2196.903871901211
2196.903871901211
2196.903871901211
2196.903871901211
2196.903871901211
2196.903871901211
2196.903871901211
2196.903871901211
2196.903871901211
2196.903871901211
2196.903871901211
2196.903871901211
2196.903871901211
2196.903871901211
2177.3295880914025
2177.3295880914025
2177.3295880914025
2177.3295880914025
2177.3295880914025
2171.5664127707378
2171.5664127707378
2171.5664127707378
2171.5664127707378
2171.5664127707378
2171.5664127707378
2171.5664127707378
2171.5664127707378
2171.5664127707378
2171.5664127707378
2171.5664127707378
2171.5664127707378
2171.5664127707378
2171.5664127707378
2171.5664127707378
2171.5664127707378
2171.5664127707378
2171.5664127707378
2171.5664127707378
2171.5664127707378
2171.5664127707378
2171.5664127707378
2171.5664127707378
2171.5664127707378
2171.5664127707378
2171.5664127707378
2171.5664127707378
2170.8006231268114
2170.8006231268114
2170.8006231268114
2155.735562191501
2155.735562191501
2155.735562191501
2155.735562191501
2155.735562191501
2141.8586166296604
2141.8586166296604
2141.8586166296604
2141.8586166296604
2141.8586166296604
2141.8586166296604
2141.8586166296604
2141.8586166296604
2141.8586166296604
2141.8586166296604
2141.8586166296604
2141.8586166296604
2141.8586166296604
2141.8586166296604
2141.8586166296604
2141.8586166296604
2141.8586166296604
2141.8586166296604
2141.8586166296604
2141.8586166296604
2141.8586166296604
2141.8586166296604
2141.8586166296604
2141.8586166296604
2141.8586166296604
2141.8586166296604
2141.8586166296604
2141.8586166296604
2141.8586166296604
2141.8586166296604
2141.8586166296604
2141.8586166296604
2141.8586166296604
2141.8586166296604
2141.8586166296604
2141.8586166296604
2141.8586166296604
2141.8586166296604
2135.104575663709
2135.104575663709
2135.104575663709
2135.104575663709
2115.7756705828006
2115.7756705828006
2115.7756705828006
2115.7756705828006
2115.7756705828006
2115.7756705828006
2115.7756705828006
2115.7756705828006
2115.7756705828006
2115.7756705828006
2115.7756705828006
2115.7756705828006
2115.7756705828006
2115.7756705828006
2115.7756705828006
2115.7756705828006
2115.7756705828006
2115.7756705828006
2115.7756705828006
2103.8849430138725
2103.8849430138725
2074.6496042507415
2074.6496042507415
2074.6496042507415
2074.6496042507415
2074.6496042507415
2074.6496042507415
2074.6496042507415
2074.6496042507415
2074.6496042507415
2074.6496042507415
2074.6496042507415
2074.6496042507415
2074.6496042507415
2074.6496042507415
2074.6496042507415
2074.6496042507415
2074.6496042507415
2074.6496042507415
2074.6496042507415
2074.6496042507415
2074.6496042507415
2074.6496042507415
2074.6496042507415
2074.6496042507415
2074.6496042507415
2074.6496042507415
2074.6496042507415
2074.6496042507415
2074.6496042507415
2074.6496042507415
2074.6496042507415
2074.6496042507415
2074.6496042507415
2074.6496042507415
2074.6496042507415
2074.6496042507415
2074.6496042507415
2074.6496042507415
2074.6496042507415
2074.6496042507415
2074.6496042507415
2074.6496042507415
2074.6496042507415
2069.1654984153856
2069.1654984153856
2069.1654984153856
2069.1654984153856
2069.1654984153856
2069.1654984153856
2069.1654984153856
2069.1654984153856
2069.1654984153856
2069.1654984153856
2069.1654984153856
2069.1654984153856
2063.355270123776
2063.355270123776
2063.355270123776
2063.355270123776
2063.355270123776
2063.355270123776
2063.355270123776
2063.355270123776
2063.355270123776
2063.355270123776
2063.355270123776
2063.355270123776
2063.355270123776
2063.355270123776
2063.355270123776
2063.355270123776
2063.355270123776
2053.3725934033714
2053.3725934033714
2053.3725934033714
2053.3725934033714
2053.3725934033714
2053.3725934033714
2053.3725934033714
2053.3725934033714
2053.3725934033714
2053.3725934033714
2053.3725934033714
2053.3725934033714
2053.3725934033714
2053.3725934033714
2053.3725934033714
2053.3725934033714
2053.3725934033714
2053.3725934033714
2053.3725934033714
2053.3725934033714
2053.3725934033714
2053.3725934033714
2053.3725934033714
2053.3725934033714
2053.3725934033714
2053.3725934033714
2053.3725934033714
2053.3725934033714
2038.2632162465002
2038.2632162465002
2038.2632162465002
2038.2632162465002
2038.2632162465002
2038.2632162465002
2038.2632162465002
2038.2632162465002
2038.2632162465002
2038.2632162465002
2033.6401877356866
2021.0488611824203
2021.0488611824203
2021.0488611824203
2021.0488611824203
2021.0488611824203
2021.0488611824203
2021.0488611824203
2021.0488611824203
2021.0488611824203
2021.0488611824203
2021.0488611824203
1993.6268902697934
1993.6268902697934
1993.6268902697934
1982.3561797285738
1982.3561797285738
1969.0577332483615
1969.0577332483615
1969.0577332483615
1969.0577332483615
1969.0577332483615
1969.0577332483615
1969.0577332483615
1969.0577332483615
1969.0577332483615
1969.0577332483615
1969.0577332483615
1969.0577332483615
1969.0577332483615
1969.0577332483615
1969.0577332483615
1969.0577332483615
1969.0577332483615
1969.0577332483615
1969.0577332483615
1969.0577332483615
1969.0577332483615
1969.0577332483615
1969.0577332483615
1969.0577332483615
1969.0577332483615
1969.0577332483615
1969.0577332483615
1969.0577332483615
1969.0577332483615
1969.0577332483615
1969.0577332483615
1969.0577332483615
1969.0577332483615
1969.0577332483615
1969.0577332483615
1969.0577332483615
1969.0577332483615
1969.0577332483615
1969.0577332483615
1969.0577332483615
1969.0577332483615
1969.0577332483615
1969.0577332483615
1969.0577332483615
1969.0577332483615
1969.0577332483615
1969.0577332483615
1969.0577332483615
1969.0577332483615
1969.0577332483615
1969.0577332483615
1969.0577332483615
1969.0577332483615
1969.0577332483615
1969.0577332483615
1969.0577332483615
1969.0577332483615
1969.0577332483615
1969.0577332483615
1969.0577332483615
1969.0577332483615
1969.0577332483615
1969.0577332483615
1969.0577332483615
1969.0577332483615
1969.0577332483615
1969.0577332483615
1969.0577332483615
1969.0577332483615
1969.0577332483615
1969.0577332483615
1969.0577332483615
1969.0577332483615
1969.0577332483615
1969.0577332483615
1969.0577332483615
1969.0577332483615
1969.0577332483615
1969.0577332483615
1969.0577332483615
1969.0577332483615
1969.0577332483615
1969.0577332483615
1969.0577332483615
1969.0577332483615
1969.0577332483615
1969.0577332483615
1969.0577332483615
1969.0577332483615
1969.0577332483615
1965.1186908305024
1965.1186908305024
1965.1186908305024
1961.8970890208336
1961.8970890208336
1961.8970890208336
1961.8970890208336
1961.8970890208336
1961.8970890208336
1961.8970890208336
1961.8970890208336
1961.8970890208336
1961.8970890208336
1961.8970890208336
1961.8970890208336
1961.8970890208336
1961.8970890208336
1961.8970890208336
1961.8970890208336
1961.8970890208336
1961.8970890208336
1961.8970890208336
1961.8970890208336
1961.8970890208336
1961.8970890208336
1961.8970890208336
1961.8970890208336
1961.8970890208336
1961.8970890208336
1961.8970890208336
1961.8970890208336
1961.8970890208336
1961.8970890208336
1961.8970890208336
1961.8970890208336
1961.8970890208336
1961.8970890208336
1961.8970890208336
1961.8970890208336
1961.8970890208336
1961.8970890208336
1961.8970890208336
1961.8970890208336
1961.8970890208336
1961.8970890208336
1961.8970890208336
1961.8970890208336
1961.8970890208336
1961.8970890208336
1961.8970890208336
1961.8970890208336
1961.8970890208336
1961.8970890208336
1961.8970890208336
1961.8970890208336
1961.8970890208336
1961.8970890208336
1961.8970890208336
1961.8970890208336
1961.8970890208336
1961.8970890208336
1961.8970890208336
1961.8970890208336
1961.8970890208336
1961.8970890208336
1961.8970890208336
1961.8970890208336
1961.8970890208336
1961.8970890208336
1961.8970890208336
1944.0044954741122
1944.0044954741122
1944.0044954741122
1944.0044954741122
1944.0044954741122
1944.0044954741122
1944.0044954741122
1944.0044954741122
1944.0044954741122
1944.0044954741122
1944.0044954741122
1944.0044954741122
1944.0044954741122
1944.0044954741122
1944.0044954741122
1909.9477074392855
1909.9477074392855
1909.9477074392855
1909.9477074392855
1909.9477074392855
1909.9477074392855
1909.9477074392855
1909.9477074392855
1909.9477074392855
1909.9477074392855
1909.9477074392855
1909.9477074392855
1909.9477074392855
1909.9477074392855
1909.9477074392855
1909.9477074392855
1909.9477074392855
1909.9477074392855
1909.9477074392855
1903.0806699147186
1903.0806699147186
1903.0806699147186
1903.0806699147186
1903.0806699147186
1903.0806699147186
1903.0806699147186
1903.0806699147186
1903.0806699147186
1903.0806699147186
1903.0806699147186
1903.0806699147186
1903.0806699147186
1903.0806699147186
1901.4075092436308
1901.4075092436308
1901.4075092436308
1901.4075092436308
1901.4075092436308
1901.4075092436308
1901.4075092436308
1901.4075092436308
1901.4075092436308
1901.4075092436308
1901.4075092436308
1901.4075092436308
1901.4075092436308
1901.4075092436308
1901.4075092436308
1891.3937898718584
1891.3937898718584
1891.3937898718584
1891.3937898718584
1891.3937898718584
1891.3937898718584
1891.3937898718584
1883.9178502507173
1883.9178502507173
1883.9178502507173
1883.9178502507173
1883.9178502507173
1883.9178502507173
1883.9178502507173
1883.9178502507173
1883.9178502507173
1883.9178502507173
1883.9178502507173
1883.9178502507173
1883.9178502507173
1883.9178502507173
1883.9178502507173
1883.9178502507173
1883.9178502507173
1875.5432791374276
1875.5432791374276
1875.5432791374276
1875.5432791374276
1875.5432791374276
1875.5432791374276
1875.5432791374276
1875.5432791374276
1875.5432791374276
1839.783211927286
1839.783211927286
1839.783211927286
1839.783211927286
1839.783211927286
1829.1726430569358
1827.1447955090064
1827.1447955090064
1827.1447955090064
1827.1447955090064
1827.1447955090064
1827.1447955090064
1827.1447955090064
1821.969536260386
1821.969536260386
1821.969536260386
1821.969536260386
1821.969536260386
1821.969536260386
1821.969536260386
1821.969536260386
1821.969536260386
1821.969536260386
1821.969536260386
1821.969536260386
1821.969536260386
1821.969536260386
1821.969536260386
1821.969536260386
1821.969536260386
1821.969536260386
1810.650583831182
1810.650583831182
1810.650583831182
1810.650583831182
1810.650583831182
1810.650583831182
1810.650583831182
1810.650583831182
1810.650583831182
1810.650583831182
1810.650583831182
1810.650583831182
1810.650583831182
1810.650583831182
1810.650583831182
1810.650583831182
1810.650583831182
1810.650583831182
1810.650583831182
1810.650583831182
1810.650583831182
1781.1544308028626
1781.1544308028626
1779.7610253780792
1779.7610253780792
1779.7610253780792
1779.7610253780792
1779.7610253780792
1779.7610253780792
1779.7610253780792
1779.7610253780792
1779.7610253780792
1779.7610253780792
1779.7610253780792
1779.7610253780792
1779.7610253780792
1779.7610253780792
1779.7610253780792
1779.7610253780792
1779.7610253780792
1779.7610253780792
1779.7610253780792
1779.7610253780792
1779.7610253780792
1779.7610253780792
1779.7610253780792
1779.7610253780792
1779.7610253780792
1779.7610253780792
1779.7610253780792
1779.7610253780792
1779.7610253780792
1779.7610253780792
1779.7610253780792
1779.7610253780792
1779.7610253780792
1779.7610253780792
1779.7610253780792
1779.7610253780792
1779.7610253780792
1779.7610253780792
1779.7610253780792
1779.7610253780792
1779.7610253780792
1779.7610253780792
1779.7610253780792
1779.7610253780792
1779.7610253780792
1779.7610253780792
1779.7610253780792
1779.7610253780792
1779.7610253780792
1779.7610253780792
1779.7610253780792
1779.7610253780792
1779.7610253780792
1779.7610253780792
1779.7610253780792
1779.7610253780792
1779.7610253780792
1779.7610253780792
1779.7610253780792
1779.7610253780792
1779.7610253780792
1779.7610253780792
1779.7610253780792
1779.7610253780792
1779.7610253780792
1779.7610253780792
1779.7610253780792
1779.7610253780792
1779.7610253780792
1779.7610253780792
1770.1525634588227
1765.3931392428237
1765.3931392428237
1765.3931392428237
1765.3931392428237
1765.3931392428237
1765.3931392428237
1765.3931392428237
1765.3931392428237
1765.3931392428237
1765.3931392428237
1765.3931392428237
1765.3931392428237
1761.3614001913172
1761.3614001913172
1761.3614001913172
1761.3614001913172
1761.3614001913172
1761.3614001913172
1761.3614001913172
1761.3614001913172
1761.3614001913172
1761.3614001913172
1761.3614001913172
1761.3614001913172
1761.3614001913172
1761.3614001913172
1761.3614001913172
1761.3614001913172
1761.3614001913172
1761.3614001913172
1761.3614001913172
1761.3614001913172
1761.3614001913172
1761.3614001913172
1761.3614001913172
1761.3614001913172
1761.3614001913172
1761.3614001913172
1761.3614001913172
1761.3614001913172
1761.3614001913172
1761.3614001913172
1761.3614001913172
1753.7817559174662
1753.7817559174662
1753.7817559174662
1753.7817559174662
1753.7817559174662
1753.7817559174662
1730.3152986121183
1730.3152986121183
1730.3152986121183
1724.9073533828307
1724.9073533828307
1724.9073533828307
1724.9073533828307
1724.9073533828307
1724.9073533828307
1724.9073533828307
1724.9073533828307
1724.9073533828307
1724.9073533828307
1724.9073533828307
1724.9073533828307
1724.9073533828307
1724.9073533828307
1724.9073533828307
1724.9073533828307
1724.9073533828307
1724.9073533828307
1724.9073533828307
1724.9073533828307
1724.9073533828307
1724.9073533828307
1724.9073533828307
1724.9073533828307
1724.9073533828307
1724.9073533828307
1724.8772449472465
1724.8772449472465
1724.8772449472465
1724.8772449472465
1707.2921979895784
1707.2921979895784
1707.2921979895784
1707.2921979895784
1707.2921979895784
1707.2921979895784
1707.2921979895784
1707.2921979895784
1707.2921979895784
1707.2921979895784
1707.2921979895784
1707.2921979895784
1707.2921979895784
1707.2921979895784
1707.2921979895784
1707.2921979895784
1707.2921979895784
1707.2921979895784
1707.2921979895784
1707.2921979895784
1707.2921979895784
1707.2921979895784
1707.2921979895784
1707.2921979895784
1707.2921979895784
1707.2921979895784
1707.2921979895784
1707.2921979895784
1707.2921979895784
1707.2921979895784
1707.2921979895784
1707.2921979895784
1707.2921979895784
1707.2921979895784
1707.2921979895784
1707.2921979895784
1707.2921979895784
1707.2921979895784
1707.2921979895784
1707.2921979895784
1707.2921979895784
1707.2921979895784
1707.2921979895784
1707.2921979895784
1707.2921979895784
1707.2921979895784
1707.2921979895784
1707.2921979895784
1700.2866917454355
1700.2866917454355
1700.2866917454355
1700.2866917454355
1700.2866917454355
1700.2866917454355
1699.50219109416
1699.50219109416
1699.50219109416
1699.50219109416
1699.50219109416
1699.50219109416
1699.50219109416
1699.50219109416
1699.50219109416
1699.50219109416
1699.50219109416
1699.50219109416
1699.50219109416
1699.50219109416
1699.50219109416
1699.50219109416
1699.50219109416
1699.50219109416
1699.50219109416
1699.50219109416
1699.50219109416
1699.50219109416
1699.50219109416
1699.50219109416
1699.50219109416
1699.50219109416
1699.50219109416
1699.50219109416
1699.50219109416
1699.50219109416
1699.50219109416
1699.50219109416
1699.50219109416
1699.50219109416
1699.50219109416
1699.50219109416
1699.50219109416
1699.50219109416
1699.50219109416
1699.50219109416
1699.50219109416
1699.50219109416
1699.50219109416
1699.50219109416
1699.50219109416
1699.50219109416
1699.50219109416
1699.50219109416
1699.50219109416
1699.50219109416
1699.50219109416
1699.50219109416
1699.50219109416
1699.50219109416
1699.50219109416
1699.198231840245
1699.198231840245
1699.1982318402438
1690.3300096705511
1690.3300096705511
1690.3300096705511
1690.3300096705511
1690.3300096705511
1690.3300096705511
1690.3300096705511
1690.3300096705511
1690.3300096705511
1690.3300096705511
1690.3300096705511
1690.3300096705511
1690.3300096705511
1690.3300096705511
1690.3300096705511
1690.3300096705511
1690.3300096705511
1690.3300096705511
1690.3300096705511
1690.3300096705511
1690.3300096705511
1690.3300096705511
1690.3300096705511
1690.3300096705511
1690.3300096705511
1690.3300096705511
1690.3300096705511
1690.3300096705511
1690.3300096705511
1690.3300096705511
1690.3300096705511
1690.3300096705511
1690.3300096705511
1690.3300096705511
1690.3300096705511
1688.0464099992057
1687.1845946122316
1687.1845946122316
1687.1845946122316
1687.1845946122316
1687.1845946122316
1687.1845946122316
1687.1845946122316
1687.1845946122316
1687.1845946122316
1687.1845946122316
1687.1845946122316
1687.1845946122316
1687.1845946122316
1687.1845946122316
1687.1845946122316
1687.1845946122316
1687.1845946122316
1687.1845946122316
1687.1845946122316
1687.1845946122316
1687.1845946122316
1687.1845946122316
1687.1845946122316
1687.1845946122316
1687.1845946122316
1687.1845946122316
1687.1845946122316
1687.1845946122316
1687.1845946122316
1687.1845946122316
1687.1845946122316
1687.1845946122316
1687.1845946122316
1687.1845946122316
1687.1845946122316
1673.7594800999773
1673.7594800999773
1673.7594800999773
1673.7594800999773
1673.7594800999773
1673.7594800999773
1673.7594800999773
1672.3418155562076
1672.3418155562076
1672.3418155562076
1672.3418155562076
1672.3418155562076
1672.3418155562076
1672.3418155562076
1672.3418155562076
1672.3418155562076
1669.4564517474523
1669.4564517474523
1669.4564517474523
1669.4564517474523
1669.4564517474523
1669.4564517474523
1669.4564517474523
1669.4564517474523
1669.4564517474523
1669.4564517474523
1669.4564517474523
1669.4564517474523
1669.4564517474523
1669.4564517474523
1669.4564517474523
1669.4564517474523
1669.4564517474523
1669.4564517474523
1669.4564517474523
1669.4564517474523
1668.8767287718329
1668.8767287718329
1668.8767287718329
1668.8767287718329
1668.8767287718329
1668.8767287718329
1634.0308648862892
1627.6691580053405
1617.1449955430412
1617.1449955430412
1617.1449955430412
1617.1449955430412
1617.1449955430412
1617.1449955430412
1617.1449955430412
1617.1449955430412
1617.1449955430412
1617.1449955430412
1617.1449955430412
1617.1449955430412
1617.1449955430412
1617.1449955430412
1617.1449955430412
1617.1449955430412
1617.1449955430412
1617.1449955430412
1617.1449955430412
1617.1449955430412
1617.1449955430412
1617.1449955430412
1617.1449955430412
1617.1449955430412
1617.1449955430412
1617.1449955430412
1617.1449955430412
1617.1449955430412
1617.1449955430412
1617.1449955430412
1617.1449955430412
1617.1449955430412
1617.1449955430412
1617.1449955430412
1617.1449955430412
1617.1449955430412
1617.1449955430412
1617.1449955430412
1617.1449955430412
1617.1449955430412
1617.1449955430412
1617.1449955430412
1617.1449955430412
1612.0283750216954
1612.0283750216954
1612.0283750216954
1612.0283750216954
1612.0283750216954
1612.0283750216954
1612.0283750216954
1612.0283750216954
1612.0283750216954
1612.0283750216954
1612.0283750216954
1612.0283750216954
1612.0283750216954
1612.0283750216954
1612.0283750216954
1612.0283750216954
1612.0283750216954
1612.0283750216954
1612.0283750216954
1612.0283750216954
1612.0283750216954
1612.0283750216954
1600.0877211979257
1600.0877211979257
1600.0877211979257
1600.0877211979257
1600.0877211979257
1600.0877211979257
1600.0877211979257
1600.0877211979257
1600.0877211979257
1600.0877211979257
1600.0877211979257
1600.0877211979257
1600.0877211979257
1600.0877211979257
1600.0877211979257
1600.0877211979257
1600.0877211979257
1600.0877211979257
1600.0877211979257
1600.0877211979257
1594.3751959958834
1594.3751959958834
1594.3751959958834
1594.3751959958834
1594.3751959958834
1594.3751959958834
1594.3751959958834
1594.3751959958834
1594.3751959958834
1594.3751959958834
1594.3751959958834
1594.3751959958834
1594.3751959958834
1594.3751959958834
1594.3751959958834
1594.3751959958834
1583.3300073008388
1583.3300073008388
1583.3300073008388
1583.3300073008388
1583.3300073008388
1583.3300073008388
1583.3300073008388
1579.6114777083662
1579.6114777083662
1579.6114777083662
1579.6114777083662
1579.6114777083662
1579.6114777083662
1579.6114777083662
1579.6114777083662
1579.6114777083662
1579.6114777083662
1579.6114777083662
1579.6114777083662
1579.6114777083662
1579.6114777083662
1579.6114777083662
1579.6114777083662
1579.6114777083662
1579.6114777083662
1579.6114777083662
1579.6114777083662
1579.6114777083662
1579.6114777083662
1554.0470876649379
1554.0470876649379
1554.0470876649379
1554.0470876649379
1554.0470876649379
1554.0470876649379
1554.0470876649379
1554.0470876649379
1554.0470876649379
1554.0470876649379
1554.0470876649379
1554.0470876649379
1554.0470876649379
1545.9906814364697
1545.9906814364697
1545.9906814364697
1545.9906814364697
1545.9906814364697
1545.9906814364697
1545.9906814364697
1545.9906814364697
1545.9906814364697
1545.9906814364697
1545.9906814364697
1545.9906814364697
1545.9906814364697
1545.9906814364697
1545.9906814364697
1545.9906814364697
1545.9906814364697
1545.9906814364697
1545.9906814364697
1545.9906814364697
1545.9906814364697
1545.9906814364697
1545.9906814364697
1545.9906814364697
1545.9906814364697
1545.9906814364697
1545.9906814364697
1545.9906814364697
1545.9906814364697
1545.9906814364697
1545.9906814364697
1539.1515891101967
1539.1515891101967
1539.1515891101967
1539.1515891101967
1539.1515891101967
1539.1515891101967
1539.1515891101967
1539.1515891101967
1539.1515891101967
1539.1515891101967
1539.1515891101967
1539.1515891101967
1537.9227337183058
1537.9227337183058
1537.9227337183058
1537.9227337183058
1537.9227337183058
1535.1344854033075
1535.1344854033075
1535.1344854033075
1535.1344854033075
1535.1344854033075
1535.1344854033075
1535.1344854033075
1535.1344854033075
1535.1344854033075
1535.1344854033075
1535.1344854033075
1535.1344854033075
1535.1344854033075
1535.1344854033075
1535.1344854033075
1535.1344854033075
1535.1344854033075
1535.1344854033075
1530.0206431261329
1530.0206431261329
1530.0206431261329
1530.0206431261329
1530.0206431261329
1530.0206431261329
1530.0206431261329
1530.0206431261329
1530.0206431261329
1530.0206431261329
1530.0206431261329
1530.0206431261329
1530.0206431261329
1530.0206431261329
1530.0206431261329
1530.0206431261329
1530.0206431261329
1530.0206431261329
1530.0206431261329
1521.8645573051272
1521.8645573051272
1521.8645573051272
1521.8645573051272
1518.6100205777584
1518.6100205777584
1518.6100205777584
1518.6100205777584
1518.6100205777584
1518.6100205777584
1518.6100205777584
1518.6100205777584
1518.6100205777584
1518.6100205777584
1518.6100205777584
1518.6100205777584
1518.6100205777584
1518.6100205777584
1518.6100205777584
1518.6100205777584
1518.6100205777584
1518.6100205777584
1518.6100205777584
1518.6100205777584
1518.6100205777584
1518.6100205777584
1518.6100205777584
1518.6100205777584
1518.6100205777584
1518.6100205777584
1518.6100205777584
1518.6100205777584
1518.6100205777584
1518.6100205777584
1518.6100205777584
1518.6100205777584
1518.6100205777584
1518.6100205777584
1518.6100205777584
1518.6100205777584
1512.940658190188
1512.940658190188
1512.940658190188
1512.940658190188
1512.940658190188
1512.940658190188
1512.940658190188
1512.940658190188
1512.940658190188
1512.940658190188
1512.940658190188
1512.940658190188
1512.940658190188
1512.940658190188
1512.940658190188
1512.940658190188
1512.940658190188
1512.940658190188
1512.940658190188
1512.940658190188
1512.940658190188
1512.940658190188
1512.940658190188
1512.940658190188
1512.940658190188
1512.940658190188
1501.1239109234484
1501.1239109234484
1501.1239109234484
1500.468661931027
1500.468661931027
1500.468661931027
1500.468661931027
1500.468661931027
1500.468661931027
1500.468661931027
1500.468661931027
1500.468661931027
1490.8523608847165
1490.8523608847165
1490.8523608847165
1490.8523608847165
1490.8523608847165
1490.8523608847165
1490.8523608847165
1490.8523608847165
1490.8523608847165
1490.8523608847165
1490.8523608847165
1490.8523608847165
1490.8523608847165
1490.8523608847165
1490.8523608847165
1490.8523608847165
1490.8523608847165
1490.8523608847165
1490.8523608847165
1490.8523608847165
1490.8523608847165
1490.8523608847165
1490.8523608847165
1490.8523608847165
1490.8523608847165
1490.8523608847165
1490.8523608847165
1490.8523608847165
1490.8523608847165
1490.8523608847165
1490.8523608847165
1490.8523608847165
1490.8523608847165
1490.8523608847165
1490.8523608847165
1490.8523608847165
1490.8523608847165
1490.8523608847165
1490.8523608847165
1490.8523608847165
1490.8523608847165
1490.8523608847165
1490.8523608847165
1490.8523608847165
1490.8523608847165
1490.8523608847165
1490.8523608847165
1490.8523608847165
1490.8523608847165
1485.9575910596038
1485.9575910596038
1485.9575910596038
1485.9575910596038
1485.9575910596038
1485.9575910596038
1485.9575910596038
1485.9575910596038
1485.9575910596038
1485.9575910596038
1485.9575910596038
1485.9575910596038
1485.9575910596038
1485.9575910596038
1485.9575910596038
1485.9575910596038
1485.9575910596038
1485.9575910596038
1485.9575910596038
1485.9575910596038
1485.9575910596038
1485.9575910596038
1485.9575910596038
1485.9575910596038
1485.9575910596038
1485.9575910596038
1485.9575910596038
1485.9575910596038
1485.9575910596038
1485.9575910596038
1485.9575910596038
1485.9575910596038
1485.9575910596038
1485.9575910596038
1485.9575910596038
1485.9575910596038
1485.9575910596038
1485.9575910596038
1485.9575910596038
1485.9575910596038
1485.9575910596038
1485.9575910596038
1485.9575910596038
1485.9575910596038
1485.9575910596038
1485.9575910596038
1485.9575910596038
1485.9575910596038
1485.9575910596038
1485.9575910596038
1485.9575910596038
1485.9575910596038
1485.9575910596038
1485.9575910596038
1485.9575910596038
1485.9575910596038
1485.9575910596038
1485.9575910596038
1485.9575910596038
1485.9575910596038
1485.9575910596038
1485.9575910596038
1485.9575910596038
1485.9575910596038
1485.9575910596038
1485.9575910596038
1485.9575910596038
1485.9575910596038
1485.9575910596038
1485.9575910596038
1485.9575910596038
1485.9575910596038
1485.9575910596038
1485.9575910596038
1485.9575910596038
1485.9575910596038
1485.9575910596038
1485.9575910596038
1485.9575910596038
1485.9575910596038
1485.9575910596038
1485.9575910596038
1485.9575910596038
1485.9575910596038
1485.9575910596038
1485.9575910596038
1485.9575910596038
1485.9575910596038
1485.9575910596038
1485.9575910596038
1485.9575910596038
1485.9575910596038
1485.9575910596038
1485.9575910596038
1485.9575910596038
1485.9575910596038
1485.9575910596038
1485.9575910596038
1485.9575910596038
1485.9575910596038
1485.9575910596038
